[[  0   0   0   0   0   0   0   7   9  83   0]
 [  0   0   0   0   0   0   0   3  11 111   0]
 [  0   0   0   0   0   0   0   3   0 103   0]
 [  0   0   0   0   0   0   0   1  11  99   0]
 [  0   0   0   0   0   0   0   8   2  90   0]
 [  0   0   0   0   0   0   0   0   1 121   1]
 [  0   0   0   0   0   0   0   4   0 111   0]
 [  0   0   0   0   0   0   0   8   2  97   0]
 [  0   0   0   0   0   0   0   1  20  90   0]
 [  0   0   0   0   0   0   0   2   8  91   0]
 [  0   0   0   0   0   0   0   0   0  95   0]]
