[[  0  87   0   0   0   0   0   0  14   0   0]
 [  0  92   0   0   0   0   0   0   3   0   0]
 [  0 113   0   0   0   0   0   0   5   0   0]
 [  0 102   0   0   0   0   0   0  12   0   0]
 [  0 116   0   0   0   0   0   0   3   0   0]
 [  0 102   0   0   0   0   0   1   3   0   0]
 [  0 106   0   0   0   0   0   0   2   0   0]
 [  0 105   0   0   0   0   0   1   4   0   0]
 [  0  77   0   0   0   0   0   0  23   0   0]
 [  0  88   0   0   0   0   0   0  17   0   0]
 [  0 117   0   0   0   0   0   0   0   0   0]]
